250
24827
9716
29161
27097
10572
1306
13166
29355
26619
31209
3508
22530
189
25997
30792
8710
20140
7178
1837
9346
26360
27683
25388
26089
29658
24187
7275
30615
15306
28666
2881
9050
10482
19314
13129
4657
25826
18050
23733
20563
23685
9659
22501
21107
16468
27650
7993
24643
21705
14645
19235
2103
10007
31762
3200
139
31256
31572
8488
6535
32647
31262
30403
9474
12655
31645
28639
30501
24547
27114
32576
25713
18160
9261
3447
24835
16592
14344
23735
9495
26720
18995
24291
31436
16341
29283
12779
6439
12202
3697
13913
12377
29148
20664
29735
2885
15706
3519
16852
27197
17847
3352
25015
31500
25379
24967
2450
4666
30361
3175
2154
2443
24154
28746
32406
26569
3737
22240
23575
13763
8824
3610
6439
9366
31027
24718
23828
26923
13211
27934
1871
28929
9671
8660
20160
21549
4358
24081
27485
10399
14871
32743
32251
6822
12189
24771
10852
28343
21709
1359
6057
20586
1130
1174
19130
4805
24563
27242
3891
17853
7963
6402
25209
17658
29561
28136
5382
9179
21633
11795
5633
6842
18355
32079
7442
22897
30994
25830
9844
25372
14296
11641
30028
22305
11112
4143
4153
19310
21636
786
27692
7170
11968
9397
14714
21423
1590
2842
1839
4638
21884
31188
12454
4883
16339
17257
18774
15090
31649
23034
31471
19587
16674
21286
2470
11250
4442
25387
29388
21274
26958
4942
22950
23298
13683
14206
13945
16040
6503
26420
31716
15102
24543
32157
9842
28723
9953
25851
27248
10291
7219
12617
29692
26225
24083
19997
27999
9444
21544
17363
