Heap Sort
139
189
786
1130
1174
1306
1359
1590
1837
1839
1871
2103
2154
2443
2450
2470
2842
2881
2885
3175
3200
3352
3447
3508
3519
3610
3697
3737
3891
4143
4153
4358
4442
4638
4657
4666
4805
4883
4942
5382
5633
6057
6402
6439
6439
6503
6535
6822
6842
7170
7178
7219
7275
7442
7963
7993
8488
8660
8710
8824
9050
9179
9261
9346
9366
9397
9444
9474
9495
9659
9671
9716
9842
9844
9953
10007
10291
10399
10482
10572
10852
11112
11250
11641
11795
11968
12189
12202
12377
12454
12617
12655
12779
13129
13166
13211
13683
13763
13913
13945
14206
14296
14344
14645
14714
14871
15090
15102
15306
15706
16040
16339
16341
16468
16592
16674
16852
17257
17363
17658
17847
17853
18050
18160
18355
18774
18995
19130
19235
19310
19314
19587
19997
20140
20160
20563
20586
20664
21107
21274
21286
21423
21544
21549
21633
21636
21705
21709
21884
22240
22305
22501
22530
22897
22950
23034
23298
23575
23685
23733
23735
23828
24081
24083
24154
24187
24291
24543
24547
24563
24643
24718
24771
24827
24835
24967
25015
25209
25372
25379
25387
25388
25713
25826
25830
25851
25997
26089
26225
26360
26420
26569
26619
26720
26923
26958
27097
27114
27197
27242
27248
27485
27650
27683
27692
27934
27999
28136
28343
28639
28666
28723
28746
28929
29148
29161
29283
29355
29388
29561
29658
29692
29735
30028
30361
30403
30501
30615
30792
30994
31027
31188
31209
31256
31262
31436
31471
31500
31572
31645
31649
31716
31762
32079
32157
32251
32406
32576
32647
32743
